('+5354363-3', u'2/5354363,5354364')
('+2332328-3', u'2/2332330,2332328')
('+519128-3', u'15/2840756,2840750,2840754,519128,2840758,1406857,2840755,2840752,2840748,2840757,2840749,2840747,2840753,2840751,2840745')
('+4199055-3', u'2/5969784,4199055')
('+5819585-3', u'2/5819587,5819585')
('+4794887-3', u'2/4794888,4794887')
('+2907098-3', u'3/3899431,2907098,3899433')
('+7445797-3', u'2/7445798,7445797')
('+5790345-3', u'2/5790345,5790346')
('+3899235-3', u'3/3899235,3899236,4563324')
('+1-7893802', '669/7897238,7896945,7897201,7894508,7896623,7897835,7893831,7897952,7897469,7896145,7897982,7894925,7897223,7894086,7897280,7896303,7897797,7897289,7893870,7897768,7896172,7896643,7895088,7895192,7897816,7897975,7895313,7894563,7895196,7897815,7896896,7896647,7896788,7897826,7894533,7898313,7893811,7896984,7897525,7896383,7895733,7895540,7898674,7895400,7896386,7897095,7897444,7894135,7898593,7895143,7897449,7897997,7898291,7896600,7895869,7896944,7894124,7897137,7896860,7898659,7897687,7894679,7895768,7897348,7897106,7896552,7897043,7895487,7897171,7896055,7896301,7897012,7894916,7897668,7896890,7897611,7898540,7894867,7894567,7898202,7898044,7897610,7896417,7898239,7895193,7898341,7896897,7898204,7897814,7898042,7893818,7898314,7898549,7897391,7898673,7896833,7895133,7896381,7896297,7897091,7898173,7896389,7894556,7895454,7898101,7896720,7895172,7895503,7898478,7894742,7895415,7894966,7897211,7898127,7896792,7894844,7896671,7896402,7897756,7897833,7894784,7898359,7898078,7895125,7895460,7894579,7896391,7894246,7894358,7896820,7894303,7894710,7895120,7898141,7898662,7895531,7895467,7894249,7898696,7896399,7895303,7898075,7895128,7894718,7898149,7898691,7898114,7898693,7895562,7896038,7895844,7896863,7897222,7896939,7895906,7896745,7897328,7895425,7895111,7894758,7898457,7896684,7895766,7894893,7895115,7894673,7895524,7897467,7894202,7897320,7895393,7896371,7896739,7896472,7896372,7897018,7897766,7897760,7894516,7898523,7898057,7898578,7895263,7898138,7896086,7898068,7898406,7897083,7895676,7898396,7898037,7898682,7898408,7893899,7897921,7898160,7898588,7894320,7898618,7896807,7894614,7896021,7897676,7898279,7896431,7894785,7896567,7897384,7897551,7897568,7896992,7896824,7895124,7895537,7896397,7895464,7898698,7895725,7898384,7897859,7897934,7898694,7897857,7895468,7894639,7893933,7898352,7896398,7898073,7894271,7897854,7897932,7894274,7894421,7897851,7896740,7896818,7894751,7894085,7895617,7896861,7895288,7895118,7896142,7897987,7895840,7895167,7894083,7897370,7894977,7895112,7895930,7894722,7896812,7894151,7896009,7894928,7898285,7897378,7894894,7894155,7897323,7896738,7897040,7896058,7896420,7897540,7894820,7898576,7896655,7895684,7895558,7895442,7895257,7898516,7897926,7897089,7895335,7897873,7898061,7898060,7894402,7898367,7896182,7897369,7895491,7897295,7898092,7893844,7896205,7896616,7896708,7896379,7895481,7895953,7897403,7896982,7895082,7893817,7897736,7894250,7898539,7896832,7895015,7894702,7895572,7897901,7898531,7895408,7896846,7895784,7896950,7895144,7895809,7897339,7895175,7896923,7894334,7896259,7894217,7897308,7897071,7896599,7895895,7893853,7894810,7893868,7896269,7897119,7897652,7897430,7897355,7894398,7896483,7897273,7895899,7897112,7896238,7897435,7897186,7897472,7894882,7895294,7897429,7897368,7896613,7897643,7897067,7897786,7896271,7897162,7897796,7897817,7895349,7897570,7895347,7894255,7898677,7895458,7894189,7896918,7895450,7898105,7895692,7895276,7895320,7896299,7898605,7895054,7895601,7894956,7897306,7896136,7895142,7896330,7895416,7896848,7897335,7897009,7896606,7894392,7897354,7894906,7896063,7893867,7895964,7896482,7894325,7897319,7898094,7896180,7896319,7896270,7897361,7897166,7896491,7896887,7895374,7895099,7897967,7895217,7894279,7894240,7894193,7898349,7896501,7894532,7898312,7895085,7896444,7895324,7894006,7894653,7894749,7898600,7897304,7895140,7894136,7895056,7896879,7895800,7894098,7897330,7898292,7897653,7897279,7898135,7894683,7894990,7896426,7897807,7897546,7896660,7897713,7897743,7898584,7894661,7897233,7894940,7896076,7896584,7895383,7898443,7897231,7898616,7896582,7894113,7896072,7895439,7897235,7896070,7895387,7895794,7896852,7895645,7898619,7897038,7894123,7898703,7898435,7894585,7894880,7895043,7896859,7896206,7896619,7895999,7897759,7896510,7898123,7894839,7896882,7896675,7896796,7897625,7895371,7898327,7896790,7897623,7896400,7896092,7895219,7894834,7896678,7895113,7896686,7896116,7896930,7896221,7896474,7893820,7897733,7896419,7898310,7898480,7898256,7898533,7895273,7895138,7896838,7898678,7898216,7894685,7897547,7894476,7897193,7895007,7894167,7893971,7898031,7898440,7897034,7898439,7896752,7895823,7896974,7895157,7898444,7897030,7895438,7898446,7896970,7898613,7897317,7895949,7896188,7897064,7897415,7897161,7896618,7894269,7898030,7893893,7895005,7898265,7895446,7894733,7897181,7894496,7897318,7898430,7894885,7896128,7894883,7895646,7897204,7898700,7898436,7897131,7897260,7897413,7896315,7895857,7897864,7898322,7897565,7897626,7894788,7897558,7895185,7896401,7898112,7895469,7895525,7898287,7894724,7894051,7896291,7895401,7894705,7898176,7898597,7897303,7896010,7896920,7894603,7895774,7894214,7897148,7898479,7895807,7896925,7898426,7897075,7896353,7894908,7897358,7896546,7896168,7897432,7896167,7895867,7895962,7896592,7895989,7896423,7895361,7898212,7894528,7895982,7897742,7894479,7895353,7895985,7893802,7898573,7895984,7898495,7897876,7896098,7897567,7898122,7897721,7897624,7896794,7897388,7896561,7896093,7896620,7895188,7897380,7896032,7894074,7896869,7897325,7894153,7897893,7898284,7895849,7897343,7896173,7897735,7897663,7896633,7896440,7894855,7894254,7898676,7895547,7894009,7894180,7898012,7895275,7898250,7894903,7893865,7897915,7897542,7894529,7897804,7897545,7895262,7895367,7896452,7897532,7894821,7898490,7897747,7894878,7894827,7897718,7897488,7895675,7895757,7898394,7895003,7898156,7897929,7895673')
('+5336990-3', u'3/5336990,5336994,5336993')
