('+2477031-3', u'4/4450289,4450291,4450290,2477031')
('+4507486-3', u'2/4507487,4507486')
('+1546347-3', u'2/2123997,1546347')
('+3582257-3', u'3/3582259,3582260,3582257')
('+3504145-3', u'2/3504145,3504146')
('+847871-3', u'2/847871,2355054')
('+1302271-3', u'3/1302271,6455676,1302272')
('+4798268-3', u'3/4798268,4798269,4798270')
('+2945976-3', u'3/2945976,3586485,8626939')
('+4721493-3', u'4/4721495,4721496,4806190,4721493')
('+2102490-3', u'2/5564354,2102490')
('+5770784-3', u'3/5770784,5770786,5770785')
('+2938446-3', u'2/3013100,2938446')
('+868209-3', u'2/950844,868209')
('+2683355-3', u'7/2683358,2683361,2683356,2683359,2683360,2683357,2683355')
('+2273024-3', u'2/2273025,2273024')
('+2249142-3', u'5/2249143,2249144,2249147,2249142,2249146')
('+1-7761041', '556/7767241,7766260,7772773,7765827,7771228,7762228,7767497,7770695,7772501,7769976,7765693,7771146,7765782,7767423,7771662,7771111,7767754,7768904,7762418,7772368,7771668,7762691,7763896,7768901,7771077,7763664,7763911,7771923,7768239,7762628,7768154,7770753,7773226,7770803,7772355,7765290,7763919,7764115,7769185,7766904,7770401,7767346,7769382,7772557,7769812,7763573,7772197,7771138,7771741,7769429,7768804,7763971,7772764,7766375,7772297,7764191,7761277,7773510,7767164,7763245,7772065,7764660,7771413,7773073,7771079,7772579,7768739,7767525,7773151,7764490,7762663,7770891,7762694,7767529,7771697,7763897,7772415,7766696,7767475,7773337,7771658,7766593,7766827,7769448,7769723,7773391,7769129,7766599,7769503,7772781,7764114,7764378,7763403,7769746,7772909,7768685,7772952,7761948,7765988,7761423,7761621,7771527,7761287,7766004,7763364,7773358,7762576,7772191,7771407,7766326,7773210,7771261,7771517,7764951,7761570,7772563,7772291,7764845,7765864,7767541,7770979,7761410,7772249,7768168,7762852,7768065,7764195,7763608,7771645,7770930,7772935,7767951,7772485,7769856,7764601,7769866,7770316,7765998,7769590,7764207,7767004,7771832,7772068,7763556,7765415,7773438,7764944,7767242,7766014,7761640,7766421,7765824,7762898,7770986,7770890,7765971,7766361,7773330,7765026,7770918,7761332,7768623,7772152,7766046,7771768,7770921,7773249,7772219,7773103,7773389,7769750,7772894,7763647,7767786,7772550,7769385,7771137,7772719,7764727,7765279,7770022,7764823,7770570,7770360,7763571,7762495,7762064,7771510,7766068,7769243,7765034,7765477,7767220,7769851,7766168,7772488,7763068,7765888,7769162,7766167,7767672,7766165,7772813,7770473,7767305,7766423,7764528,7772426,7770785,7765902,7772447,7769793,7762002,7761259,7767603,7773329,7770889,7765560,7768088,7767207,7763030,7772757,7770997,7767193,7772403,7763823,7762600,7767294,7769201,7767922,7762473,7771907,7771421,7764337,7763619,7773041,7772099,7771296,7764445,7766735,7768980,7766669,7761053,7772848,7771052,7772589,7763368,7763459,7767631,7764641,7770851,7769577,7770089,7772538,7768641,7770859,7772875,7769017,7765530,7768281,7767873,7767114,7767969,7768014,7767489,7770283,7770009,7762548,7766566,7761840,7766777,7764289,7771672,7769433,7766300,7764367,7771475,7772096,7769731,7768376,7771712,7768564,7768317,7767947,7770152,7772340,7764318,7771433,7767587,7765196,7767370,7771288,7772164,7771464,7762929,7764434,7766450,7767963,7769623,7768343,7766086,7766538,7772738,7773412,7763466,7763884,7766555,7764283,7761715,7772540,7761834,7765257,7770211,7766652,7762483,7768715,7773203,7761532,7770774,7771904,7768385,7771761,7772261,7762637,7771291,7769254,7764503,7765896,7767106,7770353,7765337,7771196,7769823,7763649,7773254,7768444,7768358,7769869,7767803,7764301,7768044,7770405,7764431,7772951,7766952,7769849,7767565,7761589,7761985,7771203,7767082,7761848,7763689,7764008,7771046,7772858,7765407,7773417,7763229,7770036,7763432,7767201,7767775,7772254,7762673,7769561,7768972,7772676,7768630,7768753,7763877,7768379,7768981,7766525,7765126,7766619,7769871,7773251,7771855,7772238,7770414,7768284,7769768,7767127,7766876,7765628,7764814,7765400,7768993,7773377,7763512,7765922,7768929,7772753,7771253,7771011,7772511,7767531,7771713,7767927,7770611,7763821,7770821,7764332,7764369,7770957,7763072,7769580,7772920,7769498,7770153,7765663,7769314,7765668,7766618,7763268,7772910,7762199,7769759,7764781,7761881,7761878,7766975,7768223,7765163,7767394,7762733,7767936,7762580,7763938,7769073,7768604,7770865,7769078,7765030,7773055,7769168,7770298,7767953,7772487,7768475,7765137,7768004,7761869,7761041,7766264,7765265,7764046,7767702,7764156,7766262,7764941,7771781,7766753,7767211,7763691,7763501,7771560,7766290,7766504,7768394,7773035,7770805,7772353,7764246,7764430,7764566,7767655,7765675,7766748,7767601,7765621,7765948,7770223,7764966,7771678,7771533,7770369,7771369,7767744,7767511,7772531,7762734,7765159,7763715,7771617,7763489,7764275,7768165,7770605,7763595,7768365,7773259,7765061,7766928,7771959,7765059,7772590,7766670,7763538,7772886,7768474,7765318,7764946,7764152,7769911,7762785,7764800,7765715,7763502,7764750,7772429,7771561,7772726,7764245,7772274,7768776,7771774,7761267,7762805,7768458,7770280,7762316,7761582,7773291,7764677,7761601,7766657,7770961,7767503,7772251,7772673,7766704,7765076,7763643,7769047,7767337,7772986,7765182,7762131,7765831,7770455,7773472,7766348,7766285,7766665,7772071,7771571,7769570,7765934,7769412,7771268,7764958,7762394,7769415,7762403')
