('+4291064-3', u'2/5569247,4291064')
('+1356478-3', u'2/1356478,1356479')
('+955521-3', u'3/4532381,955521,5359815')
('+3911589-3', u'2/3911589,3911591')
('+1-7623415', '492/7624148,7624284,7624118,7623818,7623645,7625775,7625656,7624079,7626640,7625777,7625571,7625452,7626839,7625239,7626788,7624128,7624125,7626017,7624492,7625778,7626137,7623822,7623820,7624076,7626135,7624587,7626303,7625874,7623498,7625051,7626599,7624579,7625697,7625873,7626087,7625640,7626146,7626050,7625006,7626591,7625745,7624614,7626601,7625959,7626198,7626777,7626728,7624968,7624931,7626771,7626414,7625987,7625305,7625116,7626650,7624461,7626485,7626023,7625374,7625118,7625221,7624763,7625515,7626338,7624084,7625757,7625884,7625774,7626102,7625572,7625106,7624659,7626105,7624990,7625575,7626343,7624127,7626786,7625109,7624494,7626134,7625177,7626244,7626712,7625696,7624400,7625285,7626608,7626563,7626242,7625052,7625694,7626307,7625148,7623490,7625742,7626718,7623494,7624226,7626775,7624935,7623798,7626469,7624930,7625091,7626814,7625217,7626397,7623918,7624388,7624518,7625030,7625227,7623800,7624669,7625639,7626124,7624764,7626659,7625039,7623982,7625074,7626163,7623756,7624872,7624953,7626243,7624708,7623688,7626500,7626690,7624850,7624867,7623863,7625082,7625080,7624065,7623727,7624159,7625273,7625084,7623864,7623460,7625891,7623853,7626850,7625622,7625561,7624557,7626350,7624504,7623835,7625200,7623956,7626793,7625728,7625711,7624639,7625298,7626277,7624187,7626318,7626574,7623997,7624358,7626492,7626265,7624230,7624627,7624313,7626162,7623908,7623706,7624407,7624951,7625923,7623740,7626505,7626776,7624936,7626779,7624863,7626195,7624161,7623963,7625085,7623722,7626295,7623728,7624033,7626236,7626625,7625761,7626354,7626620,7625764,7624185,7625420,7625011,7624540,7626630,7625491,7625859,7626586,7624197,7624368,7624796,7626550,7624879,7626473,7626429,7623534,7624913,7626476,7626555,7624807,7625963,7623610,7623849,7624394,7625101,7624995,7626643,7626045,7625779,7624651,7625546,7623774,7626823,7626359,7625202,7626001,7626452,7625804,7625917,7626314,7626075,7624635,7625809,7626578,7625522,7625720,7626071,7626431,7626512,7626280,7625097,7624177,7626287,7625182,7623878,7624321,7626226,7624466,7626129,7625447,7626027,7626654,7625228,7625444,7626225,7626849,7626121,7625793,7625476,7626666,7625902,7625674,7625070,7623890,7625049,7625990,7624791,7626428,7624680,7623586,7624396,7624539,7624070,7626133,7625543,7625785,7625821,7626590,7624703,7624372,7625397,7626600,7626569,7626034,7624757,7626621,7623958,7626271,7625164,7624359,7626313,7625490,7626745,7625857,7626540,7623476,7623911,7626179,7625475,7623987,7626496,7624191,7624087,7624317,7626261,7626610,7623482,7624926,7624809,7625965,7626472,7625988,7624864,7623793,7626192,7625317,7625089,7623771,7626854,7626623,7626357,7625565,7624478,7624647,7625204,7623952,7625460,7626797,7624645,7626672,7625615,7626795,7623999,7626322,7625064,7626207,7623994,7624241,7623789,7626685,7626740,7623666,7626548,7625586,7626543,7625995,7623672,7626767,7624927,7624871,7625951,7626508,7623852,7624035,7625623,7624750,7626352,7626389,7625344,7626381,7626792,7623832,7624644,7626673,7624449,7624591,7625800,7626571,7626203,7624542,7625422,7624090,7626074,7624717,7626738,7625494,7626741,7624691,7624846,7626686,7624785,7626549,7623415,7625589,7626409,7625855,7626542,7625582,7623690,7625850,7626547,7625498,7625686,7624362,7624412,7625042,7624940,7625936,7626447,7625079,7624568,7626333,7626761,7626422,7623674,7626758,7624918,7623900,7623441,7623587,7624146,7624220,7624453,7625413,7624986,7625747,7625530,7623513,7626778,7626532,7624036,7626298,7624138,7626855,7624471,7625627,7625766,7626231,7626679,7626239,7626385,7624977,7626816,7625249,7625212,7625247,7624019,7624297,7623926,7623478,7626819,7625115,7626222,7626653,7626177,7625442,7625034,7624318,7626440,7626253,7625681,7623544,7626068,7626701,7625937,7624198,7625683,7626332,7624943,7625702,7625073,7626612,7624919,7624793,7626526,7624915,7624803,7625862,7626553,7623730,7623583,7623841,7626719,7626772,7625841,7626039,7626822,7626677,7624486,7623601,7626813,7624385,7624526,7626173,7626483,7624896')
('+3498291-3', u'2/4527364,3498291')
('+2254753-3', u'6/2254755,2254758,2254754,2254759,2254757,2254753')
('+3494530-3', u'2/3494530,3494531')
('+4700630-3', u'2/4700630,5690359')
('+2240433-3', u'6/2946270,4582482,4582481,4582483,4582480,2240433')
('+4259921-3', u'2/4259921,4259922')
