('+532299-3', u'4/532299,1022473,1022471,1022472')
('+4001673-3', u'2/4001674,4001673')
('+2674893-3', u'3/2674893,2674894,3616454')
('+7429030-3', u'2/7429031,7429030')
('+4566282-3', u'2/4566282,4566283')
('+3996189-3', u'3/3996191,3996189,3996190')
('+5383990-3', u'2/5383990,5383991')
('+5408150-3', u'2/5408150,5408151')
('+5059268-3', u'2/5059268,5059271')
('+1544438-3', u'2/1544438,1782680')
('+4787436-3', u'4/4787438,4787439,4787437,4787436')
('+3498805-3', u'2/3498805,3498806')
('+4453018-3', u'2/4453028,4453018')
('+1308955-3', u'2/1308956,1308955')
('+6601471-3', u'3/8636951,6601471,8636952')
('+2788264-3', u'2/4984405,2788264')
('+1978972-3', u'2/1978972,1978973')
('+5561206-3', u'3/5561208,5561206,5561207')
('+2518784-3', u'2/5974685,2518784')
('+1-5790408', '2/5790408,5790409')
('+1-7893802', '669/7895774,7894214,7897488,7897718,7894878,7897747,7896788,7894827,7894074,7896678,7897181,7894834,7894250,7894320,7895525,7895460,7895503,7895415,7897186,7896383,7894279,7895733,7897083,7895540,7894240,7895416,7896269,7896386,7897095,7895725,7895400,7896319,7897075,7897040,7895468,7895558,7896205,7895572,7896353,7895442,7894249,7896399,7896221,7896299,7896303,7895562,7897112,7896238,7894529,7897915,7895193,7894685,7897815,7895196,7895383,7896896,7895185,7896863,7894476,7896939,7898576,7896848,7898600,7898446,7895294,7898613,7895676,7898312,7895005,7894705,7898279,7898349,7898495,7898674,7898384,7898094,7897932,7897851,7894421,7897921,7895800,7895930,7896009,7897330,7894977,7897432,7895867,7895962,7897289,7896167,7896619,7896592,7897797,7897413,7898078,7897260,7897273,7896173,7895899,7896483,7897435,7897343,7896093,7896633,7896620,7897663,7894855,7895768,7896655,7895438,7898114,7897380,7894820,7896440,7897735,7896431,7896259,7894334,7896567,7897551,7895984,7897568,7896501,7894217,7897384,7896444,7897091,7896391,7894255,7894358,7897193,7894246,7897009,7894303,7895458,7897089,7896389,7895454,7895469,7897131,7895481,7896890,7894683,7895361,7894788,7897864,7894528,7895192,7895088,7896846,7896860,7895313,7896950,7894516,7895263,7897816,7897975,7894563,7894113,7898540,7897952,7894508,7894135,7895082,7897835,7895143,7896982,7898202,7895353,7895601,7894479,7895142,7895054,7896852,7898322,7898212,7895219,7895167,7895347,7897987,7895387,7896992,7896945,7898327,7894532,7896923,7895175,7895085,7898341,7895113,7898204,7894785,7896930,7895675,7896807,7894724,7894579,7898593,7895125,7894742,7894702,7895172,7896832,7895015,7894614,7898430,7893853,7895673,7898292,7898313,7893868,7897929,7898573,7897859,7898479,7898619,7898703,7898435,7894556,7898394,7895335,7898426,7898673,7897926,7895273,7898436,7898285,7897873,7895303,7893820,7896838,7898700,7895138,7898676,7895275,7898698,7894180,7894193,7898677,7895128,7895692,7894718,7896918,7898367,7895823,7894925,7897339,7896145,7893865,7895809,7897223,7898352,7897469,7898265,7896142,7897444,7896072,7896582,7898250,7897304,7898693,7897317,7894885,7897318,7897325,7896128,7896032,7897238,7897308,7896686,7897201,7893818,7896116,7897467,7898044,7898123,7897320,7894880,7895807,7897378,7894894,7897323,7894928,7897204,7894883,7897369,7896472,7896599,7895895,7896182,7896739,7897295,7895857,7898173,7895953,7898068,7894903,7898037,7893933,7897403,7898031,7896420,7897610,7897540,7895999,7897625,7896675,7897759,7896510,7896796,7894839,7898141,7897626,7896423,7893899,7895989,7897565,7896643,7898149,7898075,7898105,7897030,7896561,7896330,7897391,7895982,7897742,7894325,7896086,7896419,7895425,7897676,7895766,7897733,7897038,7896381,7895757,7894202,7897148,7895524,7895537,7896297,7896372,7895401,7896291,7897137,7894051,7897018,7894392,7895531,7895467,7897161,7894274,7897064,7895408,7896315,7895371,7896882,7894567,7895367,7895288,7895374,7896861,7897967,7894661,7895217,7894751,7895349,7897804,7896818,7897817,7895118,7895262,7895099,7895617,7896887,7898440,7898523,7895111,7894758,7898659,7898439,7898578,7897997,7894784,7898443,7896812,7894722,7898216,7896944,7895112,7894151,7894124,7894533,7898605,7897833,7898616,7896984,7898314,7894585,7894673,7898444,7895393,7895003,7895133,7896833,7895115,7895124,7895645,7896925,7898549,7894123,7896859,7895043,7896824,7894155,7898490,7895646,7895276,7898662,7897876,7895320,7896010,7898531,7897233,7894940,7897303,7898092,7896740,7896076,7898694,7897687,7896752,7893870,7893867,7898516,7897235,7897370,7896070,7896720,7895840,7893831,7893817,7897211,7898135,7894966,7898122,7896021,7895849,7897472,7897335,7897429,7894882,7897368,7896613,7898057,7896738,7898127,7897643,7897653,7896474,7895949,7897279,7893971,7897786,7898138,7894916,7896055,7897355,7897430,7894906,7896188,7897415,7897796,7896063,7896618,7896794,7896417,7897388,7897542,7898176,7897570,7894085,7897545,7895784,7896671,7894844,7898101,7898112,7896402,7896792,7897034,7897558,7897547,7898061,7896401,7896647,7896426,7896790,7898073,7897623,7897713,7896660,7896400,7897546,7894990,7898060,7894086,7898012,7896623,7897743,7897736,7897532,7894821,7895439,7894083,7896092,7896452,7895794,7898160,7897525,7894098,7895985,7897756,7897071,7896371,7895491,7895464,7894269,7894254,7896397,7895547,7894009,7897119,7897106,7894271,7896206,7896398,7894006,7897043,7896379,7895446,7896270,7897067,7897162,7897012,7896301,7895487,7894398,7895450,7896271,7897171,7897166,7897982,7896897,7895157,7897807,7896974,7897814,7895144,7896879,7894653,7894749,7894679,7895188,7894136,7896970,7898239,7895140,7895056,7898584,7894603,7898597,7897826,7897893,7894496,7896869,7896920,7894153,7894733,7898310,7895007,7898291,7894710,7894189,7895120,7898480,7894167,7896820,7898457,7898588,7898539,7895257,7898287,7897901,7895684,7897857,7897934,7893844,7898359,7898478,7898618,7898406,7898284,7894402,7898396,7894639,7897854,7895324,7898678,7897222,7898533,7896584,7898256,7896038,7898696,7897231,7895844,7895906,7897306,7896745,7896136,7898408,7894956,7897328,7898691,7898682,7897449,7896684,7894893,7897319,7896180,7894810,7893811,7893802,7897280,7897766,7896606,7898042,7896546,7896708,7896058,7896616,7897358,7896168,7894908,7895869,7897760,7896600,7897652,7896552,7897348,7897361,7897354,7893893,7895964,7898156,7897768,7896491,7896172,7896482,7898030,7897624,7897721,7897611,7896098,7897668,7894867,7897567')
('+923709-3', u'2/2638147,923709')
('+4447477-3', u'2/5943979,4447477')
('+2318742-3', u'3/4533571,2318742,4533572')
('+839132-3', u'2/7048348,839132')
('+723800-3', u'4/723800,723801,723803,7601731')
('+1037804-3', u'2/1037804,5306695')
('+1-7773963', '155/7774045,7775745,7774170,7774282,7775494,7775120,7774026,7775591,7775740,7775835,7775521,7774351,7774231,7775104,7774708,7774458,7775221,7775184,7774468,7774506,7775185,7774516,7774776,7775335,7775437,7774240,7775690,7775250,7775023,7774406,7775188,7774200,7774194,7774211,7775685,7775563,7774313,7773983,7774838,7775935,7774863,7774966,7774886,7774885,7774892,7774830,7774845,7774836,7775945,7774973,7774879,7774047,7774032,7774788,7774025,7774115,7775738,7773963,7775086,7774714,7774149,7774347,7774453,7774605,7774065,7774076,7775116,7774381,7774143,7774432,7775202,7774524,7775469,7774682,7774303,7775322,7775022,7775682,7774241,7774803,7774537,7774528,7774889,7774947,7775904,7774954,7775916,7774960,7774848,7775911,7774837,7774842,7774972,7774841,7775954,7775746,7775724,7775629,7774117,7775819,7775855,7774041,7774790,7774017,7774677,7774039,7775850,7775636,7775810,7775704,7775829,7775781,7775768,7774235,7775107,7774607,7774492,7774614,7775114,7775876,7775137,7775020,7774405,7774265,7775374,7774360,7775924,7775731,7775148,7775492,7775625,7774015,7774392,7775165,7774454,7775787,7775848,7775666,7774742,7774478,7775042,7774420,7774257,7775315,7774465,7774533,7775417,7774810,7775578,7775474,7774875,7774861,7774832,7774890,7774902')
('+539787-3', u'3/539787,1546744,3345145')
('+568983-3', u'2/852497,568983')
('+496677-3', u'3/496677,530775,2942931')
('+4291064-3', u'2/5569247,4291064')
('+2814980-3', u'2/2814980,2814984')
('+2130000-3', u'2/2130000,5974550')
('+4806127-3', u'2/4806129,4806127')
('+774625-3', u'2/774625,5365987')
('+2457787-3', u'3/5816566,2457787,5816568')
('+2360267-3', u'2/2360267,4574458')
('+4242640-3', u'3/5001956,5001955,4242640')
('+3412877-3', u'2/4948440,3412877')
('+5571141-3', u'11/5571144,5571147,5571143,5571150,5571148,5571149,5571146,5856222,5571151,5571145,5571141')
('+4702706-3', u'2/4702706,4702707')
('+4787640-3', u'2/4787641,4787640')
('+4956824-3', u'2/4956825,4956824')
('+2250326-3', u'2/2250326,2250327')
('+3587779-3', u'2/3587779,3587781')
