('+5981451-3', u'2/5981452,5981451')
('+3058166-3', u'2/3058166,3058167')
('+5526643-3', u'2/5526643,5526644')
('+571651-571651', u'3/571651,571655,571654')
('+4425587-3', u'3/4425587,4426088,5982107')
('+3893105-3', u'2/3893105,3893106')
('+1826305-3', u'3/5827988,1826305,1826309')
('+2249611-3', u'4/2249613,2249617,2249611,2249618')
('+2660104-3', u'2/2660108,2660104')
('+878232-3', u'2/3234479,878232')
('+2728910-3', u'2/2728910,5533935')
('+1737203-3', u'2/1737203,1737204')
('+4449668-3', u'2/4449670,4449668')
('+1984423-3', u'7/1984427,1984428,1984429,1984424,1984423,1984430,1984431')
('+3430605-3', u'3/3430605,3430607,3430606')
('+3903077-3', u'4/5030942,3903077,5030934,5030944')
('+5362472-3', u'2/5362472,5362473')
('+7431101-3', u'2/7431103,7431101')
('+4985631-3', u'3/4985634,4985633,4985631')
('+512021-3', u'3/5406092,512021,5406097')
('+1-7623415', '492/7624065,7624159,7626849,7625080,7625273,7623864,7624362,7624177,7625097,7626823,7625084,7624407,7625148,7625702,7625728,7625089,7625298,7624198,7625052,7625247,7624019,7625711,7624187,7624297,7624368,7625011,7624197,7625006,7625774,7625745,7626599,7626087,7625073,7624359,7626447,7626496,7626045,7626650,7625109,7626643,7625202,7626023,7624494,7625039,7626625,7626610,7626485,7625779,7626738,7626741,7626198,7626129,7625793,7626767,7626679,7623832,7625221,7626776,7626505,7626620,7626686,7626549,7626105,7626414,7626133,7626771,7626124,7626793,7626473,7626550,7626543,7623544,7626666,7626121,7625937,7626472,7626542,7625873,7625936,7626137,7626797,7626134,7626192,7626673,7626508,7625821,7626280,7625959,7623672,7626244,7625995,7626271,7626295,7626303,7623740,7626322,7625859,7625987,7625990,7626307,7626332,7626242,7626277,7626318,7623674,7625951,7625965,7625855,7625963,7626261,7626207,7626236,7626231,7623441,7626226,7623727,7626225,7623587,7623610,7626381,7623730,7625686,7624591,7624951,7626359,7623460,7623583,7624579,7625891,7625697,7624940,7625694,7624639,7624943,7623771,7625683,7623728,7623478,7625674,7624918,7624850,7625589,7624919,7624793,7624647,7624867,7625460,7624644,7624763,7624864,7625177,7625164,7624394,7625249,7625317,7623849,7624318,7625212,7623908,7624185,7623878,7625182,7623852,7624035,7624400,7625285,7625079,7624146,7624388,7623918,7624036,7625742,7623818,7626440,7625074,7624284,7623982,7624118,7624033,7625115,7623997,7624372,7626068,7625397,7625775,7625757,7624358,7626701,7624079,7626608,7624084,7626574,7624226,7626563,7625777,7625720,7623890,7625030,7625070,7625049,7626719,7626074,7626162,7625228,7623958,7626492,7624128,7626640,7625344,7626569,7626590,7626653,7624127,7625227,7626600,7624076,7626654,7626728,7626621,7623820,7626027,7626777,7626548,7626034,7626422,7626431,7625874,7626758,7626017,7626659,7626772,7626761,7626512,7626039,7626677,7623498,7623789,7623482,7626287,7623666,7623756,7625988,7626314,7623793,7623722,7624587,7623601,7624757,7624968,7625444,7624872,7624930,7625490,7623863,7626855,7623900,7624161,7623911,7624396,7623999,7626822,7624385,7625085,7623926,7624453,7624220,7626712,7623841,7624461,7625116,7623994,7624191,7625747,7625101,7623987,7624087,7625761,7624241,7626452,7624317,7625106,7624138,7624471,7624321,7624466,7625766,7626050,7626146,7625239,7626586,7626630,7623835,7625200,7624070,7623800,7623956,7626177,7626601,7626591,7626102,7625785,7626612,7626500,7626786,7626526,7625923,7626409,7626690,7626001,7625800,7626179,7626135,7626540,7626672,7626553,7626795,7625804,7626428,7626547,7626778,7626532,7625902,7623798,7626253,7626298,7623688,7626243,7626333,7623415,7626350,7625841,7626357,7624953,7624635,7623645,7624717,7624542,7625422,7625884,7623774,7624627,7625656,7625623,7624750,7624703,7625515,7624557,7625561,7625572,7625622,7625442,7624614,7626814,7624986,7625413,7625530,7624995,7626816,7625494,7624871,7624691,7624927,7624659,7625447,7625627,7625491,7625639,7624931,7624764,7624669,7624504,7625543,7624539,7624791,7625586,7624651,7626819,7625476,7624879,7625546,7625091,7625217,7625082,7626854,7624449,7623963,7625305,7624148,7624412,7625051,7623853,7625064,7625042,7626571,7624090,7624230,7624313,7626578,7626075,7626718,7626163,7625764,7625034,7624486,7626071,7624125,7625778,7625374,7626623,7626740,7625118,7626788,7626685,7625204,7623822,7626775,7624492,7626469,7623952,7626173,7624478,7626483,7626745,7626792,7626195,7626779,7626476,7626429,7626555,7625917,7625809,7623490,7626397,7623494,7626203,7625857,7626265,7625862,7623513,7626338,7625850,7626222,7626389,7626352,7623690,7623534,7626313,7626343,7623476,7626354,7623586,7626239,7625681,7623706,7626385,7625696,7624708,7624568,7624540,7625640,7625420,7625522,7625571,7624518,7625452,7624896,7624935,7624926,7625565,7624809,7624526,7624846,7624936,7626813,7624990,7624785,7625575,7624796,7625475,7624645,7624803,7625615,7624915,7625582,7625498,7626850,7624863,7624913,7624680,7626839,7624807,7624977')
('+4788227-3', u'3/4788228,4788229,4788227')
('+5256635-3', u'7/5256635,7140305,7140306,7140304,7140301,7140302,7140303')
('+3499182-3', u'2/3499182,5984041')
('+643754-3', u'8/5613009,5613007,5613010,5613008,2422567,5613006,643754,2946222')
('+1311831-3', u'2/1311832,1311831')
('+7468432-3', u'2/7468433,7468432')
('+7440706-3', u'3/7440706,7440708,7440707')
('+4285829-3', u'3/5354814,5354813,4285829')
('+2819099-3', u'4/2819099,5739058,5739062,5739063')
('+2082918-3', u'3/2082919,2082918,2082920')
('+5354803-3', u'6/5354806,6216305,5354805,5354803,5354807,5354804')
('+4991410-3', u'2/4991410,4991411')
('+1343137-3', u'3/1343138,1343139,1343137')
('+3490080-3', u'2/3490081,3490080')
