('+4159053-3', u'2/4159054,4159053')
('+4447303-3', u'4/4447304,4447305,6428906,4447303')
('+5555694-3', u'2/5555696,5555694')
('+4978940-3', u'2/4978940,4978941')
('+4176357-3', u'4/4176357,4176359,4176358,4176360')
('+5533584-3', u'5/5533586,5533584,5533587,5533588,5533585')
('+5759216-3', u'2/5759217,5759216')
('+1979425-3', u'2/1979426,1979425')
('+4450035-3', u'2/4450036,4450035')
('+3500122-3', u'2/3500123,3500122')
('+5419187-3', u'2/5419188,5419187')
('+4505849-3', u'2/4505849,4727618')
('+1038977-3', u'3/1038977,1038979,1038980')
('+4787423-3', u'2/4787424,4787423')
('+3488198-3', u'2/3488199,3488198')
('+4447307-3', u'2/4447308,4447307')
('+2288488-3', u'2/3918513,2288488')
('+252295-3', u'2/252295,5826767')
('+4947060-3', u'2/4947061,4947060')
('+7491467-3', u'2/7491467,7494692')
('+3988321-3', u'2/3988321,3988323')
('+148837-3', u'2/6912364,148837')
('+650121-3', u'2/650122,650121')
('+3987272-3', u'2/3987273,3987272')
('+854343-3', u'2/2127449,854343')
('+4532370-3', u'4/4532373,4532371,4532370,4532372')
('+5382815-3', u'3/5382815,5382816,5382817')
('+4797139-3', u'2/4797139,5982319')
('+2945705-3', u'2/4004110,2945705')
('+5569340-3', u'2/5569341,5569340')
('+2377382-3', u'2/2377382,2377383')
('+2319773-3', u'2/2319773,2319774')
('+848009-3', u'3/2629309,2629308,848009')
('+4170545-3', u'2/4170545,4170546')
('+4950972-3', u'3/4950972,4950974,4950973')
('+3229426-3', u'2/3229426,4991979')
('+865585-3', u'3/865585,3214114,3214116')
('+1-8096430', '1197/8104967,8097304,8106675,8102349,8104729,8097704,8103122,8100930,8103148,8106125,8106503,8106648,8106420,8098712,8097274,8105429,8106433,8103045,8097759,8103115,8106039,8104680,8106109,8104950,8101948,8104976,8099858,8102387,8104947,8097210,8103047,8097283,8104860,8106431,8106130,8098839,8106123,8104064,8106628,8097052,8104594,8100473,8097319,8097287,8105311,8099432,8099634,8105272,8102714,8098909,8105258,8102592,8100455,8099722,8101966,8100536,8102758,8098833,8104295,8102635,8099830,8100563,8102125,8104035,8102598,8106446,8097007,8098815,8103935,8101779,8101714,8099415,8099899,8106074,8106614,8101611,8103819,8101677,8104155,8106099,8100978,8106583,8099867,8101641,8104215,8099782,8106060,8105033,8104203,8106568,8099839,8101929,8106289,8101819,8103839,8105037,8102520,8104049,8101680,8102649,8099167,8105349,8102676,8103943,8103976,8099279,8105398,8105758,8106229,8099392,8104362,8104098,8099125,8106359,8099368,8099214,8099544,8099232,8105065,8099197,8106385,8099562,8105700,8099179,8099575,8099092,8105293,8097936,8102793,8097437,8102573,8102685,8104096,8102425,8102696,8104085,8096737,8097925,8097815,8103985,8099580,8103799,8103742,8100848,8097915,8103359,8103672,8106316,8097559,8100804,8106309,8103381,8096991,8103406,8097808,8097457,8097901,8100814,8097916,8096667,8099176,8097624,8106210,8097997,8098215,8102985,8097508,8097474,8097553,8103251,8098542,8096548,8103691,8097990,8098094,8097969,8098577,8105811,8103552,8098191,8105921,8097684,8103318,8102836,8097679,8098418,8101594,8098296,8100658,8097860,8098339,8098083,8098036,8098443,8097855,8100118,8105892,8102862,8100666,8098264,8103652,8102940,8103235,8097413,8103495,8100014,8100292,8098063,8102863,8098355,8096623,8100652,8103455,8097523,8103293,8105905,8100674,8100620,8100710,8100053,8101533,8100383,8098002,8098334,8102918,8101476,8096857,8097494,8098378,8101327,8098076,8101451,8100034,8098155,8100711,8100012,8098379,8101341,8100294,8101194,8101068,8101561,8100025,8097592,8098108,8101093,8100663,8102838,8096692,8102874,8100043,8096784,8100069,8100739,8100775,8097209,8102330,8102136,8100798,8101274,8101241,8101168,8100141,8097490,8101111,8102323,8101472,8105503,8100092,8098876,8101271,8100324,8097020,8105653,8104526,8098726,8104979,8104535,8105565,8102353,8104676,8102186,8100733,8105483,8097357,8099845,8105605,8103188,8096974,8101483,8103030,8102172,8105465,8106103,8096682,8097784,8105490,8100736,8106550,8101854,8106006,8100527,8105300,8099849,8099603,8105270,8098741,8104163,8099650,8105090,8104581,8099643,8097043,8099715,8105681,8106781,8106190,8099939,8101902,8099760,8106402,8104062,8105304,8106477,8104567,8099434,8106187,8105362,8099892,8106547,8102011,8102499,8096440,8099971,8104039,8097380,8099687,8106572,8106518,8106194,8098921,8097219,8099774,8097390,8097750,8106081,8104829,8099644,8099657,8103961,8106467,8105097,8104982,8101743,8103907,8098759,8106751,8105314,8102661,8104717,8097743,8100450,8099631,8098922,8096450,8101776,8102597,8100572,8102480,8101711,8102750,8102769,8106453,8099429,8097290,8106093,8100561,8105647,8099692,8105337,8098927,8104712,8099818,8101953,8097719,8104701,8104019,8106297,8101689,8102631,8099863,8101612,8099416,8101652,8100448,8104293,8101629,8101676,8103968,8099753,8099872,8100565,8104154,8099784,8103854,8106578,8102493,8104118,8106166,8106153,8105761,8105101,8099100,8104471,8104336,8104339,8102724,8103824,8102672,8105354,8105794,8099208,8102287,8099011,8101800,8105237,8102282,8099362,8099528,8099087,8105221,8104042,8104482,8105342,8102291,8105351,8106233,8099120,8099278,8099158,8102423,8106254,8099312,8102500,8106337,8097505,8104278,8104094,8102218,8104317,8102434,8102844,8105993,8106215,8098044,8106310,8096749,8103384,8098174,8102963,8098549,8098255,8103340,8101140,8098426,8103289,8097669,8102923,8098116,8100257,8102916,8097953,8098026,8098440,8105940,8103586,8105889,8103443,8096833,8097683,8105655,8101134,8100212,8102179,8104670,8102049,8103190,8104649,8097776,8096793,8096476,8096843,8101471,8100278,8098795,8100054,8105570,8097095,8099880,8098605,8096430,8098616,8103013,8104834,8105428,8104683,8105583,8096449,8098883,8104975,8106674,8106762,8102348,8098634,8104579,8097279,8106407,8099897,8103967,8103901,8104117,8102762,8105082,8103871,8100496,8102591,8104391,8105419,8099992,8106780,8101770,8106748,8106555,8097381,8106713,8098915,8106476,8103080,8105675,8099835,8099826,8097297,8102025,8104636,8101789,8099970,8103848,8106735,8106533,8098906,8105086,8102605,8102106,8104540,8102498,8105609,8103092,8103108,8098877,8101528,8098608,8102064,8098792,8103001,8101270,8101003,8096866,8104677,8096879,8105454,8098891,8104552,8103144,8104992,8104534,8100170,8097771,8104664,8104602,8098701,8101963,8103114,8098658,8099442,8106416,8106786,8098614,8104861,8106131,8100595,8101949,8106513,8106001,8104951,8097714,8106759,8099499,8106683,8099969,8100902,8106715,8106148,8105321,8099428,8106588,8105673,8102496,8105246,8097071,8097387,8102100,8099666,8106152,8100424,8104217,8106497,8105100,8106398,8102264,8104323,8103829,8102273,8105359,8100965,8099072,8104129,8105034,8101805,8103959,8104126,8099066,8100584,8099530,8102700,8105370,8099075,8105200,8101648,8102656,8099013,8101914,8102670,8105223,8103805,8099373,8099382,8105353,8103975,8105780,8099500,8099395,8105779,8102461,8104342,8099523,8099185,8099196,8104412,8099574,8104272,8099509,8105737,8102578,8104187,8104198,8105298,8102457,8099310,8104311,8099237,8104258,8102577,8106245,8102238,8106209,8097931,8102431,8102794,8105122,8097801,8106325,8103248,8096511,8106377,8103392,8100836,8097912,8097949,8106328,8103254,8105964,8103791,8096516,8098465,8105965,8098186,8096647,8098546,8106489,8105215,8099640,8105273,8097246,8106463,8105189,8097040,8103815,8101691,8106665,8100454,8101754,8102773,8104393,8103042,8098835,8106699,8099836,8099656,8106439,8100468,8100477,8098923,8100442,8101799,8101988,8099946,8099645,8106710,8104543,8104385,8103865,8102026,8100571,8101860,8105279,8106447,8101767,8106560,8106292,8101671,8104948,8105334,8099941,8104621,8097745,8106700,8102102,8101701,8106076,8101763,8106285,8101675,8102627,8104287,8104128,8104212,8103828,8101804,8101682,8102412,8101817,8099188,8106389,8105357,8099162,8104484,8099218,8100439,8099012,8099261,8099559,8103825,8099083,8099115,8099160,8102408,8105795,8104103,8101812,8099264,8105118,8103974,8099394,8099512,8099180,8104448,8099096,8100875,8105748,8102248,8099203,8102231,8102451,8103988,8099346,8104360,8104346,8099387,8099211,8104276,8105730,8105139,8102259,8102466,8104275,8099331,8103537,8103212,8098462,8105867,8097690,8103252,8098408,8100116,8103470,8098103,8100686,8098532,8103733,8098363,8098293,8097667,8097641,8100691,8105928,8098402,8096704,8098401,8097956,8098416,8103473,8098526,8103583,8098016,8098359,8103448,8096724,8101330,8098520,8103637,8096984,8103431,8102928,8098591,8103628,8098267,8100005,8100650,8103651,8102807,8103707,8100024,8098325,8096925,8102930,8101324,8100381,8101081,8103450,8103296,8101474,8105885,8102956,8101197,8102800,8097882,8101323,8101428,8100078,8100139,8101110,8101059,8104892,8100210,8096782,8101499,8101473,8100045,8104751,8105451,8101518,8098681,8102357,8101169,8102048,8101126,8101320,8097027,8101535,8096868,8104648,8098804,8098862,8104604,8100046,8101180,8096932,8105480,8101053,8097794,8096911,8104641,8102166,8096964,8104678,8096788,8102328,8103006,8101282,8101493,8104696,8104876,8102078,8106175,8101189,8098993,8098971,8103113,8106411,8101128,8100228,8098600,8100152,8102046,8102099,8106644,8097375,8099496,8106198,8102161,8100786,8104962,8106520,8098601,8097118,8100229,8096478,8106678,8104687,8101486,8097367,8097778,8099857,8104403,8102236,8105736,8099091,8105710,8104186,8099327,8102044,8104774,8105553,8106116,8104738,8102314,8100796,8104961,8104608,8100309,8101166,8100345,8099739,8106743,8097328,8104998,8104811,8104763,8105509,8100098,8106117,8101057,8106522,8098809,8097303,8106412,8103165,8102162,8104915,8105585,8098665,8099468,8106764,8103060,8106244,8105289,8105120,8097920,8104426,8102569,8103980,8105740,8102503,8100880,8106253,8096880,8105292,8099171,8104316,8103986,8106242,8104455,8102695,8106307,8096994,8104370,8105049,8096554,8103890,8099146,8103383,8099581,8098164,8097503,8097929,8098483,8098494,8100816,8097446,8103538,8098054,8106211,8096990,8096600,8096745,8097900,8103397,8099177,8097827,8096758,8105991,8103698,8105858,8097458,8097612,8106204,8100812,8098160,8098487,8106263,8098317,8105952,8103244,8100850,8097439,8105989,8103514,8103540,8105810,8103243,8098235,8102983,8102895,8096619,8098456,8103499,8098180,8098409,8098210,8098193,8101595,8097847,8098424,8105872,8096826,8100659,8098158,8097528,8097964,8103607,8096708,8098342,8098434,8103727,8101141,8102812,8102881,8100241,8101206,8103781,8105888,8103554,8103587,8102827,8103233,8103471,8098344,8098429,8103721,8102902,8102924,8098111,8103624,8103493,8100247,8096625,8098274,8097525,8101579,8103227,8103717,8101584,8098127,8098008,8098361,8101449,8101144,8102927,8103627,8098527,8101153,8103209,8097665,8098277,8103582,8101203,8101063,8097852,8100679,8098590,8103221,8098349,8098073,8102929,8096589,8096570,8098060,8101551,8103290,8098396,8102950,8103119,8100091,8098655,8102336,8104886,8101131,8103025,8097104,8098619,8101247,8101377,8105625,8101027,8101290,8096914,8104525,8103003,8100312,8103118,8097884,8100209,8101390,8100216,8097772,8101026,8100223,8101376,8098768,8096472,8100326,8105444,8097765,8099844,8098964,8106111,8101051,8102304,8098991,8101222,8102164,8104904,8104759,8096496,8099493,8100272,8102182,8101118,8103152,8103021,8100604,8098879,8105449,8100334,8104918,8101548,8104697,8103151,8096910,8097795,8101478,8100288,8097236,8097108,8101254,8097346,8100734')
('+4176402-3', u'2/4176402,4176403')
