('+1002385-3', u'2/4226001,1002385')
('+4977516-3', u'2/4977518,4977516')
('+2732559-3', u'2/5754029,2732559')
('+5029243-3', u'3/5029244,5029245,5029243')
('+1891666-3', u'2/1891666,1891668')
('+3437787-3', u'2/5524471,3437787')
('+7423782-3', u'2/7423782,7423783')
('+5526403-3', u'2/5526404,5526403')
('+792613-3', u'2/792613,1875044')
('+4954609-3', u'2/4954609,4954610')
('+2941999-3', u'3/2941999,5407366,5407365')
('+1967840-3', u'3/1967840,1967843,1967841')
('+1158356-3', u'2/1158356,1158357')
('+1-6645585', '24/6645711,6645702,6645593,6645712,6645701,6645607,6645688,6645654,6645592,6645620,6645585,6645651,6645598,6645663,6645667,6645682,6645706,6645683,6645626,6645630,6645586,6645596,6645660,6645673')
('+2040726-3', u'2/2040726,2040727')
('+2007459-3', u'4/2007459,2007460,2007462,2007463')
('+4449994-3', u'2/4449995,4449994')
('+155759-3', u'2/5754770,155759')
('+5361956-3', u'2/5361956,5361958')
('+5336984-3', u'2/5336985,5336984')
('+1436754-3', u'4/1436754,1436760,4449116,4449113')
('+1659694-3', u'2/1659695,1659694')
('+2708865-3', u'3/2708865,2708867,2708866')
('+4171432-3', u'2/4171432,4171433')
('+4000893-3', u'2/4000893,4000895')
('+1-7761041', '556/7770891,7771261,7769185,7771517,7766450,7767220,7766014,7763538,7771533,7771678,7773391,7763268,7770611,7773377,7766285,7773254,7772781,7764207,7766348,7773041,7765693,7766753,7768993,7773151,7771052,7765400,7761570,7772251,7770401,7762064,7767337,7764750,7772951,7767423,7772757,7772249,7766046,7772487,7766423,7766975,7767529,7772673,7767305,7772488,7767803,7767241,7766361,7769382,7763573,7772764,7772368,7770036,7763245,7768972,7771138,7767201,7768929,7769793,7769429,7768776,7770089,7769498,7768358,7772429,7769577,7768444,7769750,7767873,7768685,7772531,7769759,7772813,7761053,7764946,7772563,7772403,7762785,7764800,7763938,7762637,7762628,7762673,7763919,7764958,7762394,7765675,7762418,7764845,7763664,7764445,7764430,7764966,7764566,7762929,7763715,7764431,7765159,7763489,7771768,7761259,7771658,7770921,7765668,7765888,7763068,7771475,7762691,7763595,7771228,7764275,7769869,7771288,7771712,7771464,7765061,7771617,7763896,7771781,7768223,7766593,7762852,7764601,7767114,7764195,7763608,7764245,7771761,7768165,7766619,7761948,7765988,7765290,7769849,7761423,7771291,7765030,7765831,7764115,7768168,7769866,7762131,7768065,7765628,7769871,7770918,7764528,7771672,7773249,7766777,7768281,7772219,7762805,7767631,7765934,7767587,7771904,7772071,7770774,7770859,7766665,7764490,7772152,7761848,7768014,7770316,7766290,7765318,7769314,7764152,7773251,7770009,7772274,7768004,7767603,7772238,7764008,7765182,7765407,7771137,7765257,7762898,7773203,7766326,7769976,7765864,7763459,7767503,7772291,7761840,7772952,7764289,7772909,7765196,7767525,7763501,7766555,7772590,7770369,7763512,7763691,7769385,7772753,7767193,7768376,7763571,7770405,7770298,7769731,7769448,7766566,7767936,7767370,7768088,7768394,7770283,7772986,7767207,7769561,7772447,7768343,7769623,7768475,7769047,7772858,7761640,7772415,7770890,7770353,7765126,7765948,7768284,7770986,7765621,7772719,7766260,7771196,7761878,7773510,7764781,7770605,7772261,7771668,7761881,7772197,7767164,7773073,7765782,7765265,7773103,7769812,7771923,7772355,7770753,7773226,7764046,7773389,7765922,7773055,7772254,7767601,7763689,7764156,7768804,7772920,7761410,7771046,7763229,7771855,7767242,7767754,7768904,7765279,7767541,7772297,7767927,7772910,7766421,7771959,7773337,7766696,7766375,7767475,7769073,7766300,7769723,7767211,7770022,7768385,7771079,7769570,7772875,7772426,7768379,7768630,7768623,7768753,7767951,7772886,7766928,7766952,7772579,7769768,7770223,7770570,7768474,7769433,7770695,7772511,7764941,7762734,7762580,7762733,7762548,7763821,7763911,7764823,7762483,7765530,7765663,7771527,7764503,7764301,7765896,7764367,7763897,7769851,7762199,7771713,7766168,7765034,7770821,7769856,7769823,7767106,7765998,7767394,7764337,7767655,7771560,7763619,7766735,7768980,7766670,7766165,7771774,7770957,7763368,7771741,7767489,7767672,7770961,7767565,7764641,7766669,7773472,7767082,7770851,7772773,7771369,7763649,7765337,7766004,7772096,7766264,7765715,7770152,7765059,7771662,7769911,7761582,7764677,7770153,7763364,7772164,7773417,7764246,7764318,7771561,7768981,7761589,7766827,7761985,7764191,7771571,7766618,7765026,7773291,7765560,7772726,7773259,7773358,7765137,7767702,7763647,7771697,7770997,7764660,7763030,7770979,7767346,7766262,7761869,7772191,7772065,7772340,7766525,7773035,7765076,7765902,7763643,7771253,7771510,7772353,7773329,7769168,7766657,7771907,7762002,7767497,7763466,7766652,7773210,7763556,7772099,7765415,7764283,7766876,7761532,7767775,7766538,7765971,7769162,7761834,7763502,7767511,7772676,7763432,7767744,7764727,7770414,7772485,7773330,7772935,7768901,7768365,7767531,7766068,7770360,7767922,7766504,7772589,7770280,7771146,7769503,7771832,7772550,7768604,7772540,7772557,7769412,7769078,7766904,7770455,7768739,7770473,7769017,7768317,7767947,7770785,7768564,7769746,7769580,7770211,7771111,7767963,7769415,7768715,7771077,7767953,7772894,7771011,7772501,7768641,7767969,7772848,7768458,7769590,7761621,7761041,7761287,7763884,7764944,7772538,7764814,7762228,7761715,7762600,7763823,7762576,7762316,7761601,7762473,7762495,7761277,7761332,7763877,7763971,7761267,7763072,7762403,7764434,7762663,7764951,7762694,7771203,7765163,7767127,7771421,7766086,7767786,7770889,7767294,7764332,7769201,7770805,7768044,7771433,7764369,7768239,7771413,7765827,7766167,7770803,7769254,7764114,7764378,7769243,7771268,7770865,7768154,7763403,7769129,7772738,7765824,7771296,7766599,7770930,7773438,7771645,7771407,7772068,7765477,7766748,7773412,7766704,7767004')
('+5971882-3', u'3/5971882,5971884,5971883')
('+4996563-3', u'3/4996563,4996565,4996566')
('+2473404-3', u'2/2473406,2473404')
('+5969616-3', u'3/5969616,5969619,5969618')
('+3325902-3', u'2/3325902,8761362')
('+4100689-3', u'2/4100689,4989429')
('+814725-3', u'3/5348935,5348937,814725')
('+5746239-3', u'2/5746241,5746239')
('+2937388-3', u'3/2937388,3564465,3564464')
('+1374887-3', u'2/1374887,5563885')
('+1-4996653', '3/4996655,4996653,4996654')
('+1-2769952', '3/2769957,2769953,2769952')
